<?xml version="1.0" ?>
<file>
    <CameraConfig>
        <system usb2width="640" usb2height="480" usb2fps="15" usb3width="1280" usb3height="720" usb3fps="30" />
        <postprocessing depthfiltering="1" backgroundremoval="0" greenscreenremoval="0" cloudresolution="0" tiling="0" tilingresolution="0.01" tilingmethod="camera">
            <depthfilterparameters threshold_near="1.5" threshold_far="2" decimation_value="2" spatial_iterations="4" spatial_alpha="0.25" spatial_delta="30" spatial_filling="0" temporal_alpha="0.4" temporal_delta="20" temporal_percistency="3" />
        </postprocessing>
        
        <camera serial="802212060048" backgroundx="0" backgroundy="0" backgroundz="0">
            <trafo>
                <values v00="-0.11179224148138059" v01="-0.4680026184083296" v02="0.8766276540855398" v03="1.362158459827396" v10="0.9845704605474739" v11="-0.17167201032109064" v12="0.03390765532519305" v13="0.893649197412314" v20="0.13462356020364857" v21="0.8668923059038325" v22="0.47997315237712185" v23="0.7359141131044326" v30="0.0" v31="0.0" v32="0.0" v33="1.0"  />
            </trafo>
        </camera>

        <camera serial="802212060849" backgroundx="0" backgroundy="0" backgroundz="0">
            <trafo>
                <values v00="0.020331705617672835" v01="0.9025676541249256" v02="0.4300677289382515" v03="0.6521650359599719" v10="0.9735046324745085" v11="-0.11586534604805573" v12="0.19713942308893156" v13="1.2049262088102632" v20="0.22776161287045066" v21="0.41466474568329703" v22="-0.8810095325194035" v23="-1.4970765152261463" v30="0.0" v31="0.0" v32="0.0" v33="1.0"  />
            </trafo>
        </camera>

        <camera serial="746112061618" backgroundx="0" backgroundy="0" backgroundz="0">
            <trafo>
                <values v00="0.12310560793270704" v01="0.5665158086333374" v02="-0.8148035639735722" v03="-1.4850887194828617" v10="0.98788730318223" v11="0.008198359136747213" v12="0.15495632648848726" v13="1.1120776102665564" v20="0.09446526084683404" v21="-0.8240100882125053" v22="-0.5586445104153077" v23="-1.1036559091406823" v30="0.0" v31="0.0" v32="0.0" v33="1.0"  />
            </trafo>
        </camera>

        <camera serial="806312060679" backgroundx="0" backgroundy="0" backgroundz="0">
            <trafo>
                <values v00="0.10406070882646137" v01="-0.8527876983242884" v02="-0.5117856098653963" v03="-0.8215316498978252" v10="0.987754013913125" v11="0.028469682612258143" v12="0.15339975609650255" v13="0.9867272036313715" v20="-0.11624705104665478" v21="-0.5214811777607304" v22="0.8453070473882475" v23="1.519777727035967" v30="0.0" v31="0.0" v32="0.0" v33="1.0"  />
            </trafo>
        </camera>

    </CameraConfig>
</file>
