<?xml version="1.0" ?>
<file>
    <CameraConfig>
        <system usb2width="640" usb2height="480" usb2fps="15" usb3width="1280" usb3height="720" usb3fps="30" />
        <postprocessing density="1" height_min="0.08" height_max="2.2" depthfiltering="1" backgroundremoval="0" greenscreenremoval="0" cloudresolution="0" tiling="0" tilingresolution="0.01" tilingmethod="camera">
            <depthfilterparameters threshold_near="0.7" threshold_far="2.3" decimation_value="1" spatial_iterations="4" spatial_alpha="0.25" spatial_delta="30" spatial_filling="0" temporal_alpha="0.4" temporal_delta="20" temporal_percistency="3" />
        </postprocessing>
        
        <camera serial="746112061432" backgroundx="0" backgroundy="0" backgroundz="0">
            <trafo>
                <values v00="-0.10770980305023982" v01="0.6725599657538794" v02="0.7321623390970208" v03="-1.3420630540335794" v10="-0.9880538865791135" v11="0.009228987206726269" v12="-0.15383219107536544" v13="1.1043899353966402" v20="-0.11021849002226436" v21="-0.7399850797551796" v22="0.6635314357262456" v23="-0.8543420011255578" v30="0.0" v31="0.0" v32="0.0" v33="1.0"  />
            </trafo>
        </camera>

        <camera serial="746112060605" backgroundx="0" backgroundy="0" backgroundz="0">
            <trafo>
                <values v00="0.09604804018066133" v01="0.8416463757452872" v02="-0.5314189986933914" v03="0.9036007398786208" v10="-0.9868593321562341" v11="0.010825481829882539" v12="-0.16121869457139038" v13="1.1817498799811685" v20="-0.1299362632739878" v21="0.5399205377997587" v22="0.8316263465934768" v23="-1.2749579623551752" v30="0.0" v31="0.0" v32="0.0" v33="1.0"  />
            </trafo>
        </camera>
        <camera serial="746112061997" backgroundx="0" backgroundy="0" backgroundz="0">
            <trafo>
                <values v00="-0.15939583243438077" v01="-0.6952848621084794" v02="0.7008365923133174" v03="-1.2369066052554651" v10="-0.9843616819934559" v11="0.05800310457373323" v12="-0.1663361622823576" v13="1.1999066534842253" v20="0.07500031750309366" v21="-0.716389977863036" v22="-0.693657229467" v23="1.1965015596468282" v30="0.0" v31="0.0" v32="0.0" v33="1.0"  />
            </trafo>
        </camera>

        <camera serial="746112060700" backgroundx="0" backgroundy="0" backgroundz="0">
            <trafo>
                <values v00="0.022714333869603365" v01="-0.8260980542301244" v02="-0.5630684361905423" v03="0.9511729349719655" v10="-0.9979904958028891" v11="0.0145879247165418" v12="-0.06166167966871991" v13="1.1280320110588282" v20="0.059152593552299126" v21="0.563337551783713" v22="-0.8241066517304483" v23="1.2929295653363853" v30="0.0" v31="0.0" v32="0.0" v33="1.0"  />
            </trafo>
        </camera>

    </CameraConfig>
</file>
