<?xml version="1.0" ?>
<file>
    <CameraConfig>
        <system usb2width="640" usb2height="480" usb2fps="15" usb3width="1280" usb3height="720" usb3fps="30" />
        <postprocessing depthfiltering="0" backgroundremoval="1" greenscreenremoval="1" cloudresolution="0" tiling="0" tilingresolution="0.01" tilingmethod="camera">
            <depthfilterparameters decimation_value="2" spatial_iterations="4" spatial_alpha="0.25" spatial_delta="30" spatial_filling="0" temporal_alpha="0.4" temporal_delta="20" temporal_percistency="3" />
        </postprocessing>
        <camera serial="802212060849" backgroundx="0" backgroundy="0" backgroundz="0">
            <trafo>
                <values v00="0.0034059094609032075" v01="0.2851630545929885" v02="0.9584729688812005" v03="1.5416302657474388" v10="0.989076907489425" v11="-0.14220383660843336" v12="0.03879355519929403" v13="1.092435217158998" v20="0.14736102215953403" v21="0.9478713526365502" v22="-0.28253252555955255" v23="-0.4792837209965679" v30="0.0" v31="0.0" v32="0.0" v33="1.0"  />
            </trafo>
        </camera>
        <camera serial="746112061618" backgroundx="0" backgroundy="0" backgroundz="0">
            <trafo>
                <values v00="0.08412469711176535" v01="0.8515461628137613" v02="-0.5174863939593167" v03="-0.7330446960498324" v10="0.9919361891243387" v11="-0.022161371429090148" v12="0.12478569758537067" v13="1.2579265116937406" v20="0.0947925737668288" v21="-0.5238110405609503" v22="-0.8465437742639873" v23="-1.2304871979319896" v30="0.0" v31="0.0" v32="0.0" v33="1.0"  />
            </trafo>
        </camera>
        <camera serial="802212060048" backgroundx="0" backgroundy="0" backgroundz="0">
            <trafo>
                <values v00="-0.037476409441768194" v01="-0.9991708025650777" v02="-0.01591307754063344" v03="0.17243156911363366" v10="0.9869032740675752" v11="-0.03950716346023409" v12="0.1564004848778558" v13="1.2279248326626897" v20="-0.15689947855252762" v21="-0.00984333971716871" v22="0.9875655230379209" v23="1.2857433948934958" v30="0.0" v31="0.0" v32="0.0" v33="1.0"  />
            </trafo>
        </camera>        
        <camera serial="806312060679" backgroundx="0" backgroundy="0" backgroundz="0">
            <trafo>
                <values v00="0.0656565697693192" v01="-0.15519973430028655" v02="-0.9856988674637172" v03="-1.2869637723301823" v10="0.9886336428789438" v11="0.1440112624175177" v12="0.04317726791757346" v13="1.2380485710154698" v20="0.13525063775834745" v21="-0.9773299334257781" v22="0.1628909641936211" v23="0.2727279974486904" v30="0.0" v31="0.0" v32="0.0" v33="1.0"  />
            </trafo>
        </camera>

    </CameraConfig>
</file>
