<?xml version="1.0" ?>
<file>
    <CameraConfig>
        <system usb2width="640" usb2height="480" usb2fps="15" usb3width="1280" usb3height="720" usb3fps="30" />
        <postprocessing density="1" height_min="0.07" height_max="2.2" depthfiltering="1" backgroundremoval="0" greenscreenremoval="0" cloudresolution="0" tiling="0" tilingresolution="0.01" tilingmethod="camera">
            <depthfilterparameters threshold_near="1" threshold_far="2.3" decimation_value="1" spatial_iterations="4" spatial_alpha="0.25" spatial_delta="30" spatial_filling="0" temporal_alpha="0.4" temporal_delta="20" temporal_percistency="3" />
        </postprocessing>
        
        <camera serial="746112061997" backgroundx="0" backgroundy="0" backgroundz="0">
            <trafo>
                <values v00="-0.15973574552126946" v01="-0.682102342027916" v02="0.7135971458762959" v03="-1.265803601104509" v10="-0.98562513571531" v11="0.0699090629654692" v12="-0.1538044692506237" v13="1.1743232204231968" v20="0.05502348088716574" v21="-0.7279073553106337" v22="-0.6834641897244789" v23="1.229621786478666" v30="0.0" v31="0.0" v32="0.0" v33="1.0"  />
            </trafo>
        </camera>

        <camera serial="746112061432" backgroundx="0" backgroundy="0" backgroundz="0">
            <trafo>
                <values v00="-0.13046983087428216" v01="0.810203979858718" v02="0.5714430280025569" v03="-1.2197568832028702" v10="-0.9769347302678919" v11="-0.006785016783606157" v12="-0.21343030793129564" v13="1.2074143252238643" v20="-0.16904483437253498" v21="-0.586108756604387" v22="0.7924016465174848" v23="-1.125299753028589" v30="0.0" v31="0.0" v32="0.0" v33="1.0"  />
            </trafo>
        </camera>

        <camera serial="746112060700" backgroundx="0" backgroundy="0" backgroundz="0">
            <trafo>
                <values v00="0.01147627668820056" v01="-0.8249888814417742" v02="-0.565032424353529" v03="0.9435305640113806" v10="-0.9998553716762633" v11="-0.002374950104421625" v12="-0.016840289252958218" v13="1.0547528122836756" v20="0.012551127578733834" v21="0.5651439684801137" v22="-0.8248968202672687" v23="1.3278945747082314" v30="0.0" v31="0.0" v32="0.0" v33="1.0"  />
            </trafo>
        </camera>

        <camera serial="746112060605" backgroundx="0" backgroundy="0" backgroundz="0">
            <trafo>
                <values v00="0.06830235237188047" v01="0.7275390148835638" v02="-0.6826578722044613" v03="1.1164684950566226" v10="-0.9882726942916154" v11="-0.044328786555253824" v12="-0.14612337390072688" v13="1.1254921449131141" v20="-0.13657185060641258" v21="0.6846327048168189" v22="0.7159791820417315" v23="-1.0818819896639242" v30="0.0" v31="0.0" v32="0.0" v33="1.0"  />
            </trafo>
        </camera>

    </CameraConfig>
</file>
